

183 411 473 230 122 211 378 458 233 443 215 416 154 320 104 469 146 88 221 42 167 389 313 144 10 369 178 83 86 80 318 222 17 487 165 251 75 479 290 189 453 164 133 292 99 344 388 332 51 326 192 53 6 103 28 415 475 180 62 256 181 185 376 262 426 44 97 305 84 225 406 105 196 68 223 460 27 476 403 116 235 391 379 78 333 43 125 371 18 23 380 457 339 238 60 314 150 463 494 277 386 21 422 95 399 421 312 455 288 397 151 106 366 454 226 191 398 224 420 16 336 205 193 45 491 477 414 287 255 413 216 438 218 168 142 375 5 128 293 486 241 124 254 365 276 123 428 499 472 107 435 136 24 410 212 323 188 280 316 363 89 153 286 200 195 450 198 176 392 209 112 96 283 127 424 417 140 113 330 130 37 143 295 441 301 92 451 467 46 358 334 485 264 76 129 82 202 40 492 325 94 56 432 249 311 304 259 271 219 217 52 439 121 170 263 357 8 266 30 354 229 58 182 34 22 321 74 260 267 278 447 12 347 49 466 66 394 161 25 462 272 456 404 214 401 148 285 36 446 169 361 253 356 47 268 213 9 197 1 158 152 279 381 496 110 243 234 208 440 26 296 409 408 436 257 157 119 490 289 483 346 132 117 317 459 261 308 87 199 93 3 342 135 201 236 468 59 327 405 55 203 282 90 478 273 352 390 29 377 237 448 246 206 35 85 67 348 407 73 306 465 2 464 497 41 141 474 252 155 210 427 70 159 372 64 163 114 480 33 434 298 495 498 368 329 299 166 227 72 396 247 470 186 13 228 275 431 232 482 493 449 335 419 481 120 338 364 315 173 57 302 131 32 240 444 31 115 48 194 126 184 500 63 239 353 374 309 39 331 433 160 385 370 384 343 349 367 359 65 319 452 265 172 156 350 134 382 149 19 445 307 71 118 270 423 461 351 322 395 244 269 425 373 402 360 69 393 303 100 248 258 190 147 145 430 300 14 328 429 412 108 187 162 337 250 20 231 11 177 281 15 294 138 7 383 220 387 242 345 171 54 179 442 310 488 61 77 489 284 340 91 174 81 400 102 274 111 50 355 291 324 341 137 207 204 471 362 4 245 418 437 139 175 109 98 38 101 484 297 79




INT max + 1 a tester
chaine de caractere vide
Reitrer stdio et printf
Ne pas oublier fsanitize=address

https://www.youtube.com/watch?v=9LifznRAZQY


https://github.com/o-reo/push_swap_visualizer
https://en.wikipedia.org/wiki/Analysis_of_algorithms


https://github.com/bycop/42-push_swap
https://githubmemory.com/repo/bycop/42-push-swap
https://github.com/wwatkins42/42_C_Projects/tree/master/Push_swap
https://gitlab.com/42-ecole/push_swap
https://github.com/jgoncalv/push_swap

https://github.com/elemarch/push-swap
https://medium.com/@jamierobertdawson/push-swap-the-least-amount-of-moves-with-two-stacks-d1e76a71789a

http://phoenix.yizimg.com/topics/push-swap


https://www.youtube.com/watch?v=7KW59UO55TQ

https://stackoverflow.com/questions/5222730/why-is-merge-sort-preferred-over-quick-sort-for-sorting-linked-lists?noredirect=1&lq=1
https://stackoverflow.com/questions/33704858/sorting-2-linked-list-of-50000-numbers-with-a-limited-set-of-operations







Quick sort:


Merge sort:
- O(n*log(n))

Insertion sort:
- Supposed to solve the smallest sub-problem.
- O(n^2)
- wins for small problem sizes

Heap sort


Intro sort


Qsort


Insertion sort chunks of 32 elements, then merge sort those chunks
